71 105
71 120
72 136
74 152
80 166
91 176
104 184
119 190
137 192
153 190
164 183
173 173
179 162
183 150
186 137
188 124
188 111
93 83
103 78
114 77
125 79
136 83
150 83
159 80
169 79
178 81
184 89
143 96
143 104
144 112
144 120
132 133
137 134
142 134
147 134
151 134
103 98
110 95
118 95
124 100
117 101
110 101
157 102
163 97
171 97
174 103
170 105
163 104
118 157
128 151
137 147
142 149
147 147
153 152
158 159
152 162
146 164
141 165
136 165
127 163
122 157
137 155
142 156
147 155
154 158
146 155
142 156
137 155
0 0
0 125
0 249
125 249
249 249
249 125
249 0
125 0