66 105
69 117
72 131
76 144
82 157
91 169
103 178
117 185
131 186
145 182
157 175
167 164
174 151
177 137
179 123
180 108
179 94
76 91
82 84
91 81
102 80
112 82
129 80
138 75
148 74
158 75
166 81
121 94
123 103
124 111
125 119
116 131
121 132
126 133
131 131
135 128
89 102
94 99
100 98
107 100
101 103
94 104
137 97
143 93
149 92
156 94
150 97
144 97
110 153
117 146
123 143
128 143
132 141
139 143
147 147
141 153
135 156
130 157
125 157
118 157
114 152
123 148
128 148
133 147
145 148
133 149
129 150
124 151
0 0
0 125
0 249
125 249
249 249
249 125
249 0
125 0