91 254
94 287
100 318
110 349
126 378
151 402
180 424
213 441
251 443
288 437
322 417
353 393
378 365
391 333
395 298
394 265
392 231
104 231
121 212
148 208
176 212
202 221
236 217
264 206
294 201
323 204
348 218
223 241
224 265
226 290
228 314
201 330
216 334
231 337
246 331
261 326
133 250
148 243
167 242
184 251
168 254
149 255
268 247
284 237
303 236
321 241
305 247
287 249
184 369
206 364
222 360
235 363
249 358
269 360
293 362
271 375
252 384
238 386
224 385
207 380
192 370
222 368
236 370
250 367
285 363
250 368
236 371
223 369
0 0
0 250
0 499
250 499
499 499
499 250
499 0
250 0