61 118
62 134
65 151
70 167
77 182
87 196
98 208
109 218
123 219
138 217
152 207
163 195
173 180
179 164
181 147
183 129
184 111
69 103
77 97
87 95
97 96
107 100
126 98
138 95
149 95
160 97
169 103
118 116
118 129
118 142
118 154
109 161
114 164
120 165
125 163
131 161
81 119
88 115
96 115
103 121
95 123
87 123
136 120
142 114
150 114
157 117
152 121
143 121
103 185
109 181
115 178
121 179
126 177
133 180
141 183
134 191
128 195
122 196
116 195
109 192
105 185
115 184
121 184
126 183
138 183
127 185
121 186
115 186
0 0
0 125
0 249
125 249
249 249
249 125
249 0
125 0