124 227
129 260
138 292
147 322
159 352
178 377
202 400
228 418
259 423
292 415
323 396
350 371
370 342
379 308
383 272
385 235
385 199
138 210
151 196
172 195
193 199
214 207
253 204
274 193
296 186
321 184
342 193
235 229
236 252
238 276
239 300
218 313
229 318
241 322
254 316
266 311
163 233
175 225
190 226
205 235
190 237
175 238
274 230
286 219
302 217
318 221
305 227
289 230
201 350
216 343
230 340
242 343
254 338
271 340
293 345
274 361
258 368
244 370
232 370
217 363
207 351
231 351
243 352
256 350
285 347
256 351
243 354
231 353
0 0
0 250
0 499
250 499
499 499
499 250
499 0
250 0