76 107
75 118
74 129
75 140
77 152
81 163
86 173
93 183
104 187
118 187
134 181
150 174
163 165
173 154
179 141
182 127
185 112
79 94
83 89
90 88
97 90
104 93
117 93
128 91
139 92
149 95
158 101
109 107
107 115
104 122
102 130
97 138
100 139
104 140
109 139
115 138
85 107
90 104
97 105
101 110
95 111
89 110
127 111
132 107
139 108
145 111
139 114
132 113
92 155
95 151
100 150
104 151
109 150
116 152
124 158
115 161
108 162
103 162
98 161
94 160
94 155
100 154
104 155
109 154
121 157
108 157
103 157
99 156
0 0
0 125
0 249
125 249
249 249
249 125
249 0
125 0