143 258
139 296
137 333
142 371
162 403
192 427
227 448
262 461
295 466
323 460
342 440
360 416
376 392
388 365
398 337
407 309
412 280
208 230
231 219
258 217
286 223
312 235
340 239
361 232
383 230
403 234
414 249
324 265
324 286
325 309
325 332
290 348
303 353
316 358
327 356
337 353
232 261
248 256
266 258
280 266
263 269
246 268
346 273
362 266
378 267
390 274
377 280
361 279
256 391
280 385
300 380
313 385
325 382
336 389
345 399
332 408
321 413
308 414
294 412
276 406
263 392
298 392
312 394
324 393
338 398
322 396
310 397
297 395
0 0
0 250
0 499
250 499
499 499
499 250
499 0
250 0