148 203
151 230
156 256
161 283
169 309
184 331
204 351
227 367
254 370
280 367
302 352
320 333
335 310
343 285
349 258
354 230
357 202
165 186
178 175
197 174
215 178
232 185
268 182
286 174
305 169
325 170
340 182
251 207
250 226
250 246
250 265
233 277
242 281
252 284
261 281
270 277
187 209
199 201
213 202
224 212
212 214
198 214
280 211
291 200
305 198
317 205
308 211
294 213
219 313
232 305
244 302
253 304
264 301
276 305
290 313
277 324
264 328
254 329
243 328
231 323
225 313
244 312
254 313
264 312
284 313
264 315
254 316
244 314
0 0
0 250
0 499
250 499
499 499
499 250
499 0
250 0