146 203
147 234
151 264
158 295
169 322
187 344
211 363
236 380
264 385
291 380
317 365
340 347
358 325
370 298
376 268
381 237
382 206
173 164
188 151
206 147
225 149
241 158
286 158
303 150
322 149
340 153
353 166
264 188
264 210
264 231
263 252
240 268
252 271
263 274
275 271
286 268
197 190
208 185
221 186
231 195
220 195
207 194
297 195
306 187
319 186
330 192
320 195
308 196
221 310
238 302
252 297
263 301
274 297
288 303
305 310
289 324
276 329
264 331
252 329
238 322
228 311
252 311
263 312
274 310
299 311
275 312
264 313
253 312
0 0
0 250
0 499
250 499
499 499
499 250
499 0
250 0