82 280
85 317
91 352
98 388
114 423
140 451
173 477
208 499
249 504
291 500
328 480
360 454
382 420
394 381
398 341
400 301
398 261
111 240
132 224
160 220
188 222
217 231
261 230
286 218
314 213
341 216
364 231
239 258
241 282
242 305
244 329
218 351
232 355
246 358
259 353
272 349
145 269
161 260
180 259
197 269
179 273
161 273
281 267
297 256
316 254
333 262
318 267
299 268
179 392
206 387
229 383
247 386
263 381
286 383
313 388
289 406
267 414
250 415
231 414
208 407
188 394
229 396
248 397
264 395
305 391
265 396
249 398
230 396
0 0
0 250
0 499
250 499
499 499
499 250
499 0
250 0