160 239
165 262
173 285
181 307
192 327
207 344
228 357
254 365
281 365
308 359
332 347
351 331
364 312
369 288
370 262
370 236
369 210
170 195
179 179
196 170
215 168
233 172
261 165
281 156
302 153
323 156
339 170
253 195
254 210
256 224
257 240
243 262
253 263
262 263
271 260
280 258
191 215
200 205
214 203
227 211
215 214
202 216
283 203
293 192
307 190
321 196
310 201
296 203
233 309
242 291
255 280
265 282
274 278
289 285
307 299
293 306
279 311
269 313
259 314
246 314
239 307
256 295
266 294
275 293
299 298
276 297
267 299
257 300
0 0
0 250
0 499
250 499
499 499
499 250
499 0
250 0