98 227
108 250
119 272
131 293
145 312
163 328
184 343
212 350
243 347
275 339
300 325
319 304
332 281
336 255
336 227
333 200
330 173
102 187
109 166
126 153
148 147
169 152
207 138
227 124
250 121
274 125
293 140
194 175
196 187
198 199
200 212
191 243
200 240
210 238
219 235
229 234
129 205
138 195
153 190
168 194
156 201
142 205
232 180
242 170
257 167
272 171
261 177
246 180
191 294
195 270
207 257
217 257
227 252
245 260
262 275
252 288
237 297
226 300
215 302
202 300
198 290
210 276
220 274
230 271
254 275
232 279
222 282
211 283
0 0
0 250
0 499
250 499
499 499
499 250
499 0
250 0