113 236
115 274
121 311
129 349
142 383
163 413
191 438
221 457
258 462
296 458
329 440
359 416
382 386
397 351
406 314
413 275
415 237
138 219
158 204
183 200
209 205
234 214
285 216
310 208
337 205
363 208
385 223
258 242
257 268
257 293
256 320
227 333
242 337
258 343
274 338
290 333
167 242
184 235
202 236
219 247
200 248
182 247
302 249
318 239
336 239
352 246
336 250
319 250
200 371
223 364
244 361
262 366
278 361
299 363
324 369
300 384
278 393
260 395
242 393
222 385
209 372
243 373
261 376
278 373
315 370
278 374
261 376
243 374
0 0
0 250
0 499
250 499
499 499
499 250
499 0
250 0